<?xml version="1.0" encoding="utf-8"?>
<COLLADA xmlns="http://www.collada.org/2005/11/COLLADASchema" version="1.4.1">
  <asset>
    <contributor>
      <author>Mixamo</author>
      <authoring_tool>COLLADA Mixamo exporter</authoring_tool>
      <comments/>
    </contributor>
    <created>2023-03-01T18:36:58Z</created>
    <modified>2023-03-01T18:36:58Z</modified>
    <revision/>
    <title/>
    <unit meter="0.010000"/>
    <up_axis>Y_UP</up_axis>
  </asset>
  <library_animations>
    <animation id="mixamorig_Hips-anim" name="mixamorig_Hips">
      <source id="mixamorig_Hips-Matrix-animation-input">
        <float_array id="mixamorig_Hips-Matrix-animation-input-array" count="135">

0.000000 0.033333 0.066667 0.100000 0.133333 0.166667 0.200000 0.233333 0.266667 0.300000 0.333333 0.366667 0.400000 0.433333 0.466667 0.500000
0.533333 0.566667 0.600000 0.633333 0.666667 0.700000 0.733333 0.766667 0.800000 0.833333 0.866667 0.900000 0.933333 0.966667 1.000000 1.033333
1.066667 1.100000 1.133333 1.166667 1.200000 1.233333 1.266667 1.300000 1.333333 1.366667 1.400000 1.433333 1.466667 1.500000 1.533333 1.566667
1.600000 1.633333 1.666667 1.700000 1.733333 1.766667 1.800000 1.833333 1.866667 1.900000 1.933333 1.966667 2.000000 2.033333 2.066667 2.100000
2.133333 2.166667 2.200000 2.233333 2.266667 2.300000 2.333333 2.366667 2.400000 2.433333 2.466667 2.500000 2.533333 2.566667 2.600000 2.633333
2.666667 2.700000 2.733333 2.766667 2.800000 2.833333 2.866667 2.900000 2.933333 2.966667 3.000000 3.033333 3.066667 3.100000 3.133333 3.166667
3.200000 3.233333 3.266667 3.300000 3.333333 3.366667 3.400000 3.433333 3.466667 3.500000 3.533333 3.566667 3.600000 3.633333 3.666667 3.700000
3.733333 3.766667 3.800000 3.833333 3.866667 3.900000 3.933333 3.966667 4.000000 4.033333 4.066667 4.100000 4.133333 4.166667 4.200000 4.233333
4.266667 4.300000 4.333333 4.366667 4.400000 4.433333 4.466667</float_array>
        <technique_common>
          <accessor source="#mixamorig_Hips-Matrix-animation-input-array" count="135">
            <param name="TIME" type="float"/>
          </accessor>
        </technique_common>
      </source>
      <source id="mixamorig_Hips-Matrix-animation-output-transform">
        <float_array id="mixamorig_Hips-Matrix-animation-output-transform-array" count="2160">

0.975799 0.192578 0.103584 -12.943075 -0.154175 0.941834 -0.298627 65.777596 -0.155068 0.275430 0.948732 -1.377768 0.000000 0.000000 0.000000 1.000000
0.972686 0.200344 0.117236 -12.804705 -0.154126 0.935073 -0.319192 65.850113 -0.173573 0.292404 0.940411 -1.197049 0.000000 0.000000 0.000000 1.000000
0.966384 0.202762 0.158082 -12.716148 -0.145697 0.938489 -0.313068 65.607368 -0.211836 0.279512 0.936482 -0.839712 0.000000 0.000000 0.000000 1.000000
0.956696 0.207926 0.203714 -12.552539 -0.146793 0.948949 -0.279191 64.937363 -0.251365 0.237197 0.938378 -0.572983 0.000000 0.000000 0.000000 1.000000
0.952468 0.226222 0.204028 -12.368968 -0.174646 0.954241 -0.242740 64.447121 -0.249605 0.195570 0.948393 -0.614140 0.000000 0.000000 0.000000 1.000000
0.957916 0.235264 0.164459 -12.215570 -0.198271 0.956594 -0.213582 64.641212 -0.207569 0.171987 0.962983 -0.652154 0.000000 0.000000 0.000000 1.000000
0.968010 0.217958 0.124300 -11.925091 -0.191311 0.961677 -0.196410 65.566368 -0.162346 0.166347 0.972611 -0.394090 0.000000 0.000000 0.000000 1.000000
0.978641 0.179523 0.100169 -11.161526 -0.158990 0.969828 -0.184811 66.889687 -0.130324 0.164937 0.977656 0.116948 0.000000 0.000000 0.000000 1.000000
0.989086 0.132641 0.064148 -9.790343 -0.120103 0.978020 -0.170449 68.336411 -0.085346 0.160885 0.983276 0.781839 0.000000 0.000000 0.000000 1.000000
0.995962 0.089772 0.000566 -7.912252 -0.088549 0.983394 -0.158414 69.619507 -0.014778 0.157725 0.987373 1.480466 0.000000 0.000000 0.000000 1.000000
0.996553 0.056437 -0.060800 -5.771354 -0.065489 0.985107 -0.158983 70.592117 0.050922 0.162416 0.985407 1.965792 0.000000 0.000000 0.000000 1.000000
0.995465 0.028750 -0.090684 -3.654614 -0.044041 0.984215 -0.171412 71.230133 0.084325 0.174628 0.981017 2.137521 0.000000 0.000000 0.000000 1.000000
0.996341 0.011117 -0.084738 -1.468133 -0.026817 0.982095 -0.186465 71.258179 0.081148 0.188056 0.978800 2.152514 0.000000 0.000000 0.000000 1.000000
0.997691 -0.002788 -0.067859 0.857508 -0.010813 0.979892 -0.199235 71.065964 0.067050 0.199509 0.977599 2.177298 0.000000 0.000000 0.000000 1.000000
0.998680 -0.015204 -0.049058 3.490357 0.004602 0.977827 -0.209364 70.688507 0.051153 0.208862 0.976606 2.281361 0.000000 0.000000 0.000000 1.000000
0.998575 -0.025351 -0.046952 6.282942 0.014346 0.975086 -0.221362 70.069237 0.051394 0.220373 0.974061 2.410579 0.000000 0.000000 0.000000 1.000000
0.996907 -0.026113 -0.074119 9.014697 0.007890 0.971670 -0.236212 69.301338 0.078187 0.234896 0.968871 2.386806 0.000000 0.000000 0.000000 1.000000
0.992873 -0.024667 -0.116593 11.347154 -0.005270 0.968301 -0.249731 68.423904 0.119058 0.248565 0.961270 2.061986 0.000000 0.000000 0.000000 1.000000
0.988290 -0.035363 -0.148433 13.047655 -0.004231 0.966048 -0.258326 67.438828 0.152529 0.255929 0.954586 1.459400 0.000000 0.000000 0.000000 1.000000
0.987017 -0.059866 -0.149039 14.177959 0.019725 0.966095 -0.257431 66.361259 0.159398 0.251149 0.954734 0.816809 0.000000 0.000000 0.000000 1.000000
0.989392 -0.083472 -0.118894 14.926578 0.052753 0.969011 -0.241318 65.535271 0.135353 0.232486 0.963136 0.416162 0.000000 0.000000 0.000000 1.000000
0.992092 -0.099204 -0.076894 15.370139 0.080967 0.973936 -0.211881 64.988373 0.095909 0.203980 0.974266 0.221289 0.000000 0.000000 0.000000 1.000000
0.992820 -0.111024 -0.044532 15.622818 0.100967 0.977394 -0.185758 64.598404 0.064149 0.179928 0.981586 -0.073863 0.000000 0.000000 0.000000 1.000000
0.991730 -0.126002 -0.024406 15.823585 0.119426 0.975630 -0.184074 64.403168 0.047005 0.179637 0.982609 -0.594170 0.000000 0.000000 0.000000 1.000000
0.988698 -0.149706 -0.008030 16.099348 0.144538 0.966052 -0.214130 64.427177 0.039814 0.210550 0.976772 -1.219876 0.000000 0.000000 0.000000 1.000000
0.984500 -0.175386 0.000662 16.471506 0.169196 0.948748 -0.266927 64.631592 0.046187 0.262902 0.963716 -1.823622 0.000000 0.000000 0.000000 1.000000
0.981428 -0.191451 -0.012061 16.845093 0.177130 0.928564 -0.326181 64.964478 0.073647 0.317987 0.945230 -2.356640 0.000000 0.000000 0.000000 1.000000
0.979798 -0.194640 -0.045938 17.067373 0.163604 0.912217 -0.375625 65.349319 0.115017 0.360521 0.925633 -2.709638 0.000000 0.000000 0.000000 1.000000
0.978037 -0.193858 -0.076574 17.101397 0.147031 0.902071 -0.405771 65.634018 0.147737 0.385600 0.910762 -2.813837 0.000000 0.000000 0.000000 1.000000
0.979271 -0.187297 -0.077126 17.035650 0.139247 0.899014 -0.415191 65.682686 0.147101 0.395845 0.906459 -2.706801 0.000000 0.000000 0.000000 1.000000
0.981169 -0.178162 -0.074598 16.886889 0.131089 0.897891 -0.420246 65.720146 0.141853 0.402554 0.904339 -2.565313 0.000000 0.000000 0.000000 1.000000
0.984256 -0.161404 -0.072037 16.488224 0.117265 0.901258 -0.417114 65.786209 0.132247 0.402099 0.905995 -2.375189 0.000000 0.000000 0.000000 1.000000
0.986586 -0.149523 -0.065507 15.861295 0.110415 0.906793 -0.406861 66.007507 0.120236 0.394170 0.911138 -2.135108 0.000000 0.000000 0.000000 1.000000
0.987397 -0.149609 -0.051618 15.215231 0.119070 0.917103 -0.380452 66.182419 0.104258 0.369511 0.923359 -1.686446 0.000000 0.000000 0.000000 1.000000
0.987111 -0.155803 -0.036574 14.744207 0.134134 0.930098 -0.341944 66.125130 0.087293 0.332631 0.939008 -1.055012 0.000000 0.000000 0.000000 1.000000
0.984221 -0.167738 -0.056328 14.603246 0.144727 0.946291 -0.289113 65.521896 0.101798 0.276399 0.955636 -0.163925 0.000000 0.000000 0.000000 1.000000
0.975963 -0.185248 -0.114805 14.491801 0.154709 0.959916 -0.233721 64.831192 0.153500 0.210342 0.965502 0.724271 0.000000 0.000000 0.000000 1.000000
0.963220 -0.204003 -0.174898 14.291594 0.171710 0.967936 -0.183347 64.335266 0.206694 0.146571 0.967365 1.377422 0.000000 0.000000 0.000000 1.000000
0.958718 -0.208989 -0.192832 13.873365 0.183411 0.972682 -0.142303 64.225418 0.217304 0.101061 0.970858 1.748011 0.000000 0.000000 0.000000 1.000000
0.967819 -0.191017 -0.163824 13.203747 0.172920 0.977778 -0.118524 64.630714 0.182823 0.086381 0.979344 1.965942 0.000000 0.000000 0.000000 1.000000
0.980855 -0.156800 -0.115483 12.320272 0.142875 0.982395 -0.120357 65.501457 0.132322 0.101553 0.985991 2.203864 0.000000 0.000000 0.000000 1.000000
0.990314 -0.118188 -0.072864 11.175708 0.107093 0.984215 -0.140900 66.664650 0.088367 0.131732 0.987339 2.563847 0.000000 0.000000 0.000000 1.000000
0.995931 -0.081874 -0.037649 9.668534 0.074976 0.984612 -0.157856 68.064438 0.049994 0.154391 0.986744 3.006304 0.000000 0.000000 0.000000 1.000000
0.998528 -0.054208 0.001828 7.865345 0.053789 0.985339 -0.161906 69.380905 0.006975 0.161766 0.986805 3.423742 0.000000 0.000000 0.000000 1.000000
0.998084 -0.042338 0.045117 5.904508 0.049081 0.985777 -0.160729 70.243553 -0.037670 0.162636 0.985967 3.787542 0.000000 0.000000 0.000000 1.000000
0.996694 -0.034727 0.073456 3.913084 0.046394 0.985429 -0.163636 70.705276 -0.066703 0.166503 0.983782 4.104834 0.000000 0.000000 0.000000 1.000000
0.996979 -0.019244 0.075254 1.810907 0.031988 0.984575 -0.172015 70.863922 -0.070783 0.173903 0.982216 4.345233 0.000000 0.000000 0.000000 1.000000
0.997879 -0.002486 0.065044 -0.563497 0.014252 0.983366 -0.181074 70.831543 -0.063511 0.181617 0.981316 4.451618 0.000000 0.000000 0.000000 1.000000
0.997674 0.011512 0.067194 -3.134165 0.001277 0.982311 -0.187255 70.570290 -0.068161 0.186905 0.980011 4.339017 0.000000 0.000000 0.000000 1.000000
0.995534 0.018481 0.092579 -5.708884 -0.000732 0.982134 -0.188179 70.157021 -0.094403 0.187271 0.977762 3.976301 0.000000 0.000000 0.000000 1.000000
0.990485 0.016267 0.136653 -8.007679 0.008233 0.984206 -0.176838 69.623932 -0.137371 0.176280 0.974707 3.406631 0.000000 0.000000 0.000000 1.000000
0.982807 0.011324 0.184286 -10.231402 0.018988 0.986627 -0.161887 69.056076 -0.183655 0.162603 0.969449 2.801775 0.000000 0.000000 0.000000 1.000000
0.972579 0.010460 0.232336 -12.167568 0.023837 0.989243 -0.144323 68.328316 -0.231346 0.145904 0.961868 2.323426 0.000000 0.000000 0.000000 1.000000
0.962504 0.032798 0.269279 -13.458498 0.004000 0.990840 -0.134980 67.167206 -0.271240 0.130996 0.953556 2.187476 0.000000 0.000000 0.000000 1.000000
0.955079 0.069508 0.288084 -14.513952 -0.030400 0.989956 -0.138068 65.894348 -0.294787 0.123108 0.947600 2.136174 0.000000 0.000000 0.000000 1.000000
0.956029 0.124017 0.265762 -15.239163 -0.082037 0.983102 -0.163648 64.741676 -0.281566 0.134650 0.950047 2.018870 0.000000 0.000000 0.000000 1.000000
0.959626 0.176386 0.219101 -15.809003 -0.132619 0.970660 -0.200576 63.945610 -0.248051 0.163421 0.954863 1.718969 0.000000 0.000000 0.000000 1.000000
0.962043 0.220068 0.161380 -16.211960 -0.176543 0.952825 -0.246897 63.823959 -0.208101 0.209035 0.955509 1.203152 0.000000 0.000000 0.000000 1.000000
0.958954 0.258236 0.117134 -16.499817 -0.213929 0.929998 -0.298895 64.254807 -0.186120 0.261568 0.947070 0.540323 0.000000 0.000000 0.000000 1.000000
0.952313 0.291701 0.089502 -16.720181 -0.243932 0.904052 -0.350980 64.786713 -0.183295 0.312411 0.932096 -0.162794 0.000000 0.000000 0.000000 1.000000
0.945252 0.310822 0.099437 -16.786228 -0.247837 0.881961 -0.400901 65.168892 -0.212308 0.354308 0.910709 -0.763940 0.000000 0.000000 0.000000 1.000000
0.939252 0.318576 0.127729 -16.907530 -0.233063 0.865167 -0.444036 65.156609 -0.251966 0.387293 0.886858 -1.185797 0.000000 0.000000 0.000000 1.000000
0.940804 0.306162 0.145442 -17.223400 -0.205701 0.856757 -0.472922 64.955933 -0.269399 0.415009 0.869018 -1.532636 0.000000 0.000000 0.000000 1.000000
0.946349 0.285069 0.152182 -17.511810 -0.178780 0.854171 -0.488293 64.923569 -0.269187 0.434888 0.859308 -1.863558 0.000000 0.000000 0.000000 1.000000
0.951485 0.268151 0.150901 -17.670677 -0.165849 0.860031 -0.482536 65.205399 -0.259171 0.434099 0.862779 -2.240125 0.000000 0.000000 0.000000 1.000000
0.949359 0.264562 0.169485 -17.665634 -0.159281 0.870224 -0.466197 65.638710 -0.270828 0.415593 0.868294 -2.607170 0.000000 0.000000 0.000000 1.000000
0.940658 0.263719 0.213575 -17.490885 -0.146841 0.883694 -0.444435 66.210823 -0.305941 0.386700 0.869979 -2.775757 0.000000 0.000000 0.000000 1.000000
0.930786 0.248077 0.268506 -17.205400 -0.119748 0.900879 -0.417226 66.975220 -0.345395 0.356195 0.868232 -2.604885 0.000000 0.000000 0.000000 1.000000
0.918087 0.231911 0.321456 -17.112932 -0.097903 0.918526 -0.383048 67.358521 -0.384098 0.320200 0.865991 -2.272254 0.000000 0.000000 0.000000 1.000000
0.898510 0.221983 0.378686 -17.165401 -0.086096 0.935069 -0.343850 67.118027 -0.430426 0.276350 0.859281 -1.907564 0.000000 0.000000 0.000000 1.000000
0.868925 0.227762 0.439424 -17.201181 -0.092739 0.947026 -0.307477 66.556709 -0.486177 0.226423 0.844017 -1.659895 0.000000 0.000000 0.000000 1.000000
0.840271 0.242606 0.484858 -17.190218 -0.113260 0.953113 -0.280622 66.234238 -0.530205 0.180883 0.828350 -1.481047 0.000000 0.000000 0.000000 1.000000
0.831908 0.245615 0.497597 -17.054068 -0.126783 0.957120 -0.260474 66.458969 -0.540237 0.153604 0.827375 -1.140186 0.000000 0.000000 0.000000 1.000000
0.848882 0.222178 0.479620 -16.547628 -0.119346 0.964503 -0.235563 67.218002 -0.514932 0.142724 0.845266 -0.561849 0.000000 0.000000 0.000000 1.000000
0.880812 0.181794 0.437175 -15.519220 -0.100889 0.974208 -0.201844 68.185783 -0.462593 0.133680 0.876434 0.115779 0.000000 0.000000 0.000000 1.000000
0.917410 0.143778 0.371062 -14.093628 -0.084989 0.981725 -0.170271 69.035812 -0.388762 0.124672 0.912864 0.772514 0.000000 0.000000 0.000000 1.000000
0.952204 0.110895 0.284622 -12.580744 -0.068971 0.985765 -0.153333 69.636642 -0.297575 0.126374 0.946297 1.358398 0.000000 0.000000 0.000000 1.000000
0.977512 0.087810 0.191727 -10.951120 -0.058619 0.986495 -0.152940 69.527077 -0.202568 0.138262 0.969459 1.749983 0.000000 0.000000 0.000000 1.000000
0.990316 0.070798 0.119426 -9.214544 -0.051026 0.985607 -0.161166 69.121574 -0.129117 0.153512 0.979675 1.844176 0.000000 0.000000 0.000000 1.000000
0.994598 0.057607 0.086344 -7.373355 -0.042203 0.984427 -0.170655 68.990311 -0.094830 0.166089 0.981540 1.644482 0.000000 0.000000 0.000000 1.000000
0.994870 0.048346 0.088857 -5.220276 -0.031582 0.982938 -0.181207 69.056038 -0.096102 0.177471 0.979422 1.261810 0.000000 0.000000 0.000000 1.000000
0.993566 0.035155 0.107664 -2.856302 -0.013308 0.980260 -0.197263 69.160767 -0.112473 0.194561 0.974421 0.788051 0.000000 0.000000 0.000000 1.000000
0.992914 0.015480 0.117826 -0.599151 0.010910 0.975418 -0.220093 69.265289 -0.118337 0.219819 0.968337 0.268838 0.000000 0.000000 0.000000 1.000000
0.995123 0.000881 0.098641 1.365978 0.023163 0.969917 -0.242331 69.306366 -0.095887 0.243434 0.965166 -0.306542 0.000000 0.000000 0.000000 1.000000
0.998536 -0.010776 0.052998 2.980673 0.023761 0.967715 -0.250925 69.099930 -0.048583 0.251817 0.966555 -0.952796 0.000000 0.000000 0.000000 1.000000
0.999537 -0.029451 0.007614 4.268547 0.030417 0.970901 -0.237542 68.370056 -0.000397 0.237663 0.971348 -1.620330 0.000000 0.000000 0.000000 1.000000
0.998365 -0.055365 -0.014185 5.334170 0.051248 0.977079 -0.206615 67.190231 0.025299 0.205550 0.978319 -2.163878 0.000000 0.000000 0.000000 1.000000
0.996517 -0.083057 -0.007404 6.249357 0.080530 0.981625 -0.172992 65.880524 0.021636 0.171793 0.984895 -2.454354 0.000000 0.000000 0.000000 1.000000
0.994406 -0.104262 0.016935 7.029296 0.105624 0.983025 -0.150017 64.863647 -0.001006 0.150967 0.988538 -2.503003 0.000000 0.000000 0.000000 1.000000
0.991585 -0.121904 0.043580 7.723544 0.126941 0.981627 -0.142457 64.266998 -0.025413 0.146791 0.988841 -2.530281 0.000000 0.000000 0.000000 1.000000
0.987850 -0.139842 0.067799 8.415256 0.148703 0.977308 -0.150850 64.149544 -0.045166 0.159100 0.986229 -2.689740 0.000000 0.000000 0.000000 1.000000
0.983184 -0.157890 0.091766 9.121186 0.171989 0.969503 -0.174596 64.405487 -0.061400 0.187443 0.980355 -2.980217 0.000000 0.000000 0.000000 1.000000
0.979430 -0.166346 0.114222 9.781183 0.187550 0.959291 -0.211152 64.744606 -0.074448 0.228231 0.970756 -3.312463 0.000000 0.000000 0.000000 1.000000
0.979833 -0.153216 0.128269 10.299170 0.181828 0.949863 -0.254359 64.861389 -0.082866 0.272552 0.958566 -3.555712 0.000000 0.000000 0.000000 1.000000
0.983868 -0.119347 0.133269 10.663280 0.154117 0.943717 -0.292653 64.590706 -0.090841 0.308471 0.946886 -3.549005 0.000000 0.000000 0.000000 1.000000
0.986193 -0.078079 0.146036 10.999284 0.121110 0.941505 -0.314484 64.189217 -0.112939 0.327828 0.937962 -3.465250 0.000000 0.000000 0.000000 1.000000
0.982518 -0.041355 0.181514 11.294003 0.098793 0.942224 -0.320084 64.048706 -0.157790 0.332421 0.929838 -3.429098 0.000000 0.000000 0.000000 1.000000
0.973387 -0.015122 0.228666 11.387953 0.089579 0.943538 -0.318923 64.219711 -0.210933 0.330919 0.919782 -3.373974 0.000000 0.000000 0.000000 1.000000
0.963967 -0.013211 0.265692 11.229804 0.100135 0.943327 -0.316398 64.770439 -0.246455 0.331603 0.910659 -3.170972 0.000000 0.000000 0.000000 1.000000
0.960646 -0.035022 0.275560 10.984624 0.122736 0.943447 -0.307969 65.381393 -0.249191 0.329670 0.910616 -2.703319 0.000000 0.000000 0.000000 1.000000
0.966550 -0.064268 0.248297 10.911478 0.136546 0.948437 -0.286046 65.557541 -0.217110 0.310382 0.925487 -1.999732 0.000000 0.000000 0.000000 1.000000
0.979189 -0.088349 0.182713 11.063852 0.132954 0.959439 -0.248597 65.149750 -0.153339 0.267716 0.951218 -1.234542 0.000000 0.000000 0.000000 1.000000
0.989493 -0.105782 0.098559 11.272491 0.123974 0.971522 -0.201929 64.373520 -0.074392 0.212026 0.974429 -0.600302 0.000000 0.000000 0.000000 1.000000
0.991959 -0.120002 0.040219 11.413426 0.124869 0.979764 -0.156431 63.610149 -0.020633 0.160195 0.986870 -0.165902 0.000000 0.000000 0.000000 1.000000
0.990875 -0.127306 0.044266 11.492815 0.131789 0.983960 -0.120229 63.205864 -0.028250 0.124965 0.991759 0.245241 0.000000 0.000000 0.000000 1.000000
0.987497 -0.119695 0.102579 11.503127 0.129798 0.986663 -0.098231 63.361176 -0.089453 0.110317 0.989863 0.728702 0.000000 0.000000 0.000000 1.000000
0.981403 -0.095475 0.166533 11.302935 0.111307 0.989841 -0.088461 64.115738 -0.156395 0.105353 0.982060 1.216113 0.000000 0.000000 0.000000 1.000000
0.978526 -0.064085 0.195908 10.732367 0.082335 0.992846 -0.086471 65.362343 -0.188965 0.100744 0.976802 1.662784 0.000000 0.000000 0.000000 1.000000
0.980120 -0.029088 0.196261 9.827975 0.047568 0.994795 -0.090109 66.986122 -0.192619 0.097653 0.976403 2.120144 0.000000 0.000000 0.000000 1.000000
0.980186 0.001538 0.198073 8.707998 0.018491 0.994893 -0.099231 68.591370 -0.197214 0.100927 0.975151 2.560113 0.000000 0.000000 0.000000 1.000000
0.975707 0.022064 0.217967 7.448237 0.003169 0.993390 -0.114745 69.732216 -0.219058 0.112648 0.969187 2.916965 0.000000 0.000000 0.000000 1.000000
0.969371 0.041101 0.242136 6.130769 -0.008089 0.990706 -0.135782 70.253304 -0.245466 0.129665 0.960694 3.155404 0.000000 0.000000 0.000000 1.000000
0.967963 0.063962 0.242809 4.742627 -0.026434 0.987596 -0.154776 70.254059 -0.249697 0.143399 0.957647 3.304731 0.000000 0.000000 0.000000 1.000000
0.972944 0.085393 0.214680 3.203521 -0.050157 0.985097 -0.164525 70.065659 -0.225529 0.149306 0.962728 3.371970 0.000000 0.000000 0.000000 1.000000
0.983102 0.093937 0.157118 1.312534 -0.068050 0.984325 -0.162709 69.768799 -0.169939 0.149268 0.974084 3.410113 0.000000 0.000000 0.000000 1.000000
0.991564 0.088114 0.095058 -0.913068 -0.072058 0.984353 -0.160803 69.350754 -0.107739 0.152597 0.982398 3.403137 0.000000 0.000000 0.000000 1.000000
0.995262 0.073537 0.063608 -3.354403 -0.062081 0.984111 -0.166350 68.987862 -0.074831 0.161613 0.984013 3.222632 0.000000 0.000000 0.000000 1.000000
0.994688 0.063779 0.080799 -5.827541 -0.048926 0.983522 -0.174039 68.708427 -0.090567 0.169162 0.981418 2.756284 0.000000 0.000000 0.000000 1.000000
0.988631 0.063973 0.136074 -8.145436 -0.039608 0.983815 -0.174756 68.397537 -0.145052 0.167379 0.975164 2.025420 0.000000 0.000000 0.000000 1.000000
0.976789 0.068644 0.202906 -10.115290 -0.034121 0.985028 -0.168982 67.813988 -0.211468 0.158137 0.964507 1.278008 0.000000 0.000000 0.000000 1.000000
0.964068 0.069308 0.256454 -11.727262 -0.027910 0.986450 -0.161673 67.038681 -0.264184 0.148707 0.952939 0.787215 0.000000 0.000000 0.000000 1.000000
0.958943 0.071979 0.274311 -12.819243 -0.028863 0.987003 -0.158090 66.214279 -0.282125 0.143682 0.948557 0.553694 0.000000 0.000000 0.000000 1.000000
0.968749 0.087708 0.232019 -13.290628 -0.051424 0.986091 -0.158054 65.574966 -0.242655 0.141183 0.959784 0.500187 0.000000 0.000000 0.000000 1.000000
0.979382 0.112973 0.167472 -13.450946 -0.086792 0.983910 -0.156165 65.084389 -0.182420 0.138410 0.973430 0.468825 0.000000 0.000000 0.000000 1.000000
0.982258 0.149875 0.112721 -13.242161 -0.131077 0.978558 -0.158884 64.988800 -0.134116 0.141290 0.980842 0.421262 0.000000 0.000000 0.000000 1.000000
0.978778 0.181741 0.094676 -12.909101 -0.163359 0.970928 -0.174964 65.277130 -0.123722 0.155785 0.980012 0.375316 0.000000 0.000000 0.000000 1.000000
0.974410 0.199096 0.104339 -12.755602 -0.174498 0.962609 -0.207204 65.392181 -0.141692 0.183695 0.972718 0.300206 0.000000 0.000000 0.000000 1.000000
0.969893 0.213696 0.116795 -12.682164 -0.180808 0.953157 -0.242488 65.405838 -0.163143 0.214070 0.963098 0.205893 0.000000 0.000000 0.000000 1.000000
0.970173 0.218051 0.105915 -13.060092 -0.182656 0.944805 -0.271993 64.779526 -0.159377 0.244534 0.956453 -0.068472 0.000000 0.000000 0.000000 1.000000
0.973212 0.215989 0.078788 -13.454971 -0.185265 0.939672 -0.287565 64.196625 -0.136146 0.265265 0.954515 -0.469952 0.000000 0.000000 0.000000 1.000000
0.977124 0.205113 0.056197 -13.669820 -0.180934 0.940627 -0.287200 64.000778 -0.111768 0.270462 0.956221 -0.841851 0.000000 0.000000 0.000000 1.000000
0.978873 0.195234 0.060758 -13.680242 -0.170858 0.944245 -0.281442 64.100746 -0.112317 0.265115 0.957653 -1.187736 0.000000 0.000000 0.000000 1.000000
0.978626 0.187282 0.084950 -13.435536 -0.157994 0.949131 -0.272374 64.686455 -0.131639 0.253131 0.958434 -1.402364 0.000000 0.000000 0.000000 1.000000
0.977466 0.187019 0.097901 -13.135253 -0.153985 0.948940 -0.275322 65.421082 -0.144392 0.254043 0.956354 -1.435440 0.000000 0.000000 0.000000 1.000000
0.975799 0.192578 0.103584 -12.943075 -0.154175 0.941834 -0.298627 65.777588 -0.155068 0.275430 0.948732 -1.377766 0.000000 0.000000 0.000000 1.000000</float_array>
        <technique_common>
          <accessor source="#mixamorig_Hips-Matrix-animation-output-transform-array" count="135" stride="16">
            <param type="float4x4"/>
          </accessor>
        </technique_common>
      </source>
      <source id="mixamorig_Hips-Interpolations">
        <Name_array id="mixamorig_Hips-Interpolations-array" count="135">
 LINEAR LINEAR LINEAR LINEAR LINEAR LINEAR LINEAR LINEAR LINEAR LINEAR LINEAR
LINEAR LINEAR LINEAR LINEAR LINEAR LINEAR LINEAR LINEAR LINEAR LINEAR LINEAR LINEAR
LINEAR LINEAR LINEAR LINEAR LINEAR LINEAR LINEAR LINEAR LINEAR LINEAR LINEAR LINEAR
LINEAR LINEAR LINEAR LINEAR LINEAR LINEAR LINEAR LINEAR LINEAR LINEAR LINEAR LINEAR
LINEAR LINEAR LINEAR LINEAR LINEAR LINEAR LINEAR LINEAR LINEAR LINEAR LINEAR LINEAR
LINEAR LINEAR LINEAR LINEAR LINEAR LINEAR LINEAR LINEAR LINEAR LINEAR LINEAR LINEAR
LINEAR LINEAR LINEAR LINEAR LINEAR LINEAR LINEAR LINEAR LINEAR LINEAR LINEAR LINEAR
LINEAR LINEAR LINEAR LINEAR LINEAR LINEAR LINEAR LINEAR LINEAR LINEAR LINEAR LINEAR
LINEAR LINEAR LINEAR LINEAR LINEAR LINEAR LINEAR LINEAR LINEAR LINEAR LINEAR LINEAR
LINEAR LINEAR LINEAR LINEAR LINEAR LINEAR LINEAR LINEAR LINEAR LINEAR LINEAR LINEAR
LINEAR LINEAR LINEAR LINEAR LINEAR LINEAR LINEAR LINEAR LINEAR LINEAR LINEAR LINEAR
LINEAR LINEAR LINEAR LINEAR</Name_array>
        <technique_common>
          <accessor source="#mixamorig_Hips-Interpolations-array" count="135">
            <param type="name"/>
          </accessor>
        </technique_common>
      </source>
      <sampler id="mixamorig_Hips-Matrix-animation-transform">
        <input semantic="INPUT" source="#mixamorig_Hips-Matrix-animation-input"/>
        <input semantic="OUTPUT" source="#mixamorig_Hips-Matrix-animation-output-transform"/>
        <input semantic="INTERPOLATION" source="#mixamorig_Hips-Interpolations"/>
      </sampler>
      <channel source="#mixamorig_Hips-Matrix-animation-transform" target="mixamorig_Hips/matrix"/>
    </animation>
    <animation id="mixamorig_Spine-anim" name="mixamorig_Spine">
      <source id="mixamorig_Spine-Matrix-animation-input">
        <float_array id="mixamorig_Spine-Matrix-animation-input-array" count="135">

0.000000 0.033333 0.066667 0.100000 0.133333 0.166667 0.200000 0.233333 0.266667 0.300000 0.333333 0.366667 0.400000 0.433333 0.466667 0.500000
0.533333 0.566667 0.600000 0.633333 0.666667 0.700000 0.733333 0.766667 0.800000 0.833333 0.866667 0.900000 0.933333 0.966667 1.000000 1.033333
1.066667 1.100000 1.133333 1.166667 1.200000 1.233333 1.266667 1.300000 1.333333 1.366667 1.400000 1.433333 1.466667 1.500000 1.533333 1.566667
1.600000 1.633333 1.666667 1.700000 1.733333 1.766667 1.800000 1.833333 1.866667 1.900000 1.933333 1.966667 2.000000 2.033333 2.066667 2.100000
2.133333 2.166667 2.200000 2.233333 2.266667 2.300000 2.333333 2.366667 2.400000 2.433333 2.466667 2.500000 2.533333 2.566667 2.600000 2.633333
2.666667 2.700000 2.733333 2.766667 2.800000 2.833333 2.866667 2.900000 2.933333 2.966667 3.000000 3.033333 3.066667 3.100000 3.133333 3.166667
3.200000 3.233333 3.266667 3.300000 3.333333 3.366667 3.400000 3.433333 3.466667 3.500000 3.533333 3.566667 3.600000 3.633333 3.666667 3.700000
3.733333 3.766667 3.800000 3.833333 3.866667 3.900000 3.933333 3.966667 4.000000 4.033333 4.066667 4.100000 4.133333 4.166667 4.200000 4.233333
4.266667 4.300000 4.333333 4.366667 4.400000 4.433333 4.466667</float_array>
        <technique_common>
          <accessor source="#mixamorig_Spine-Matrix-animation-input-array" count="135">
            <param name="TIME" type="float"/>
          </accessor>
        </technique_common>
      </source>
      <source id="mixamorig_Spine-Matrix-animation-output-transform">
        <float_array id="mixamorig_Spine-Matrix-animation-output-transform-array" count="2160">

0.993411 -0.101772 -0.052707 -0.000000 0.101480 0.994804 -0.008194 13.376400 0.053267 0.002791 0.998576 0.000000 0.000000 0.000000 0.000000 1.000000
0.992598 -0.103956 -0.062791 0.000000 0.104309 0.994542 0.002350 13.376400 0.062204 -0.008882 0.998024 0.000000 0.000000 0.000000 0.000000 1.000000
0.992448 -0.096492 -0.075738 0.000000 0.097084 0.995267 0.004174 13.376400 0.074977 -0.011495 0.997119 0.000000 0.000000 0.000000 0.000000 1.000000
0.993256 -0.081093 -0.082867 -0.000000 0.080890 0.996706 -0.005806 13.376400 0.083065 -0.000936 0.996544 -0.000000 0.000000 0.000000 0.000000 1.000000
0.995074 -0.064197 -0.075535 -0.000000 0.062970 0.997844 -0.018510 13.376400 0.076561 0.013662 0.996971 0.000000 0.000000 0.000000 0.000000 1.000000
0.997454 -0.035991 -0.061561 0.000000 0.034449 0.999070 -0.025923 13.376400 0.062436 0.023736 0.997767 0.000000 0.000000 0.000000 0.000000 1.000000
0.998713 -0.005316 -0.050444 0.000000 0.004067 0.999683 -0.024832 13.376400 0.050560 0.024595 0.998418 -0.000000 0.000000 0.000000 0.000000 1.000000
0.999035 0.013693 -0.041735 -0.000000 -0.014553 0.999686 -0.020379 13.376400 0.041443 0.020967 0.998921 0.000000 0.000000 0.000000 0.000000 1.000000
0.999506 0.018215 -0.025613 0.000000 -0.018611 0.999710 -0.015299 13.376400 0.025327 0.015768 0.999555 0.000000 0.000000 0.000000 0.000000 1.000000
0.999949 0.010115 -0.000652 0.000000 -0.010120 0.999907 -0.009124 13.376400 0.000560 0.009130 0.999958 0.000000 0.000000 0.000000 0.000000 1.000000
0.999780 0.002888 0.020775 0.000000 -0.002821 0.999991 -0.003276 13.376400 -0.020784 0.003217 0.999779 0.000000 0.000000 0.000000 0.000000 1.000000
0.999511 0.012650 0.028602 -0.000000 -0.012661 0.999920 0.000204 13.376400 -0.028597 -0.000566 0.999591 -0.000000 0.000000 0.000000 0.000000 1.000000
0.999400 0.021577 0.027092 0.000000 -0.021648 0.999763 0.002351 13.376400 -0.027035 -0.002937 0.999630 0.000000 0.000000 0.000000 0.000000 1.000000
0.999374 0.024252 0.025748 0.000000 -0.024358 0.999696 0.003796 13.376400 -0.025648 -0.004421 0.999661 0.000000 0.000000 0.000000 0.000000 1.000000
0.999418 0.021792 0.026256 0.000000 -0.021928 0.999748 0.004882 13.376400 -0.026143 -0.005455 0.999643 0.000000 0.000000 0.000000 0.000000 1.000000
0.999408 0.021260 0.027044 0.000000 -0.021452 0.999747 0.006823 13.376400 -0.026892 -0.007400 0.999611 0.000000 0.000000 0.000000 0.000000 1.000000
0.999468 0.015525 0.028674 0.000000 -0.015722 0.999854 0.006661 13.376400 -0.028566 -0.007108 0.999567 -0.000000 0.000000 0.000000 0.000000 1.000000
0.999458 0.008854 0.031715 0.000000 -0.008880 0.999960 0.000673 13.376400 -0.031708 -0.000954 0.999497 -0.000000 0.000000 0.000000 0.000000 1.000000
0.999310 0.014689 0.034105 0.000000 -0.014339 0.999842 -0.010498 13.376400 -0.034254 0.010002 0.999363 0.000000 0.000000 0.000000 0.000000 1.000000
0.998934 0.031694 0.033567 -0.000000 -0.030921 0.999250 -0.023323 13.376400 -0.034281 0.022260 0.999164 0.000000 0.000000 0.000000 0.000000 1.000000
0.998428 0.046204 0.031737 0.000000 -0.045058 0.998338 -0.035936 13.376400 -0.033345 0.034449 0.998850 0.000000 0.000000 0.000000 0.000000 1.000000
0.997768 0.059068 0.031149 0.000000 -0.057478 0.997109 -0.049695 13.376400 -0.033994 0.047794 0.998279 -0.000000 0.000000 0.000000 0.000000 1.000000
0.996447 0.076893 0.034355 0.000000 -0.074594 0.995169 -0.063827 13.376400 -0.039096 0.061037 0.997369 0.000000 0.000000 0.000000 0.000000 1.000000
0.994293 0.098342 0.041345 0.000000 -0.095217 0.992867 -0.071761 13.376400 -0.048107 0.067415 0.996565 -0.000000 0.000000 0.000000 0.000000 1.000000
0.991496 0.120204 0.049869 -0.000000 -0.116640 0.990767 -0.069113 13.376400 -0.057716 0.062708 0.996362 0.000000 0.000000 0.000000 0.000000 1.000000
0.988824 0.136568 0.059807 0.000000 -0.133113 0.989380 -0.058384 13.376400 -0.067146 0.049770 0.996501 0.000000 0.000000 0.000000 0.000000 1.000000
0.986981 0.143627 0.072383 -0.000000 -0.140617 0.989035 -0.045121 13.376400 -0.078070 0.034355 0.996356 0.000000 0.000000 0.000000 0.000000 1.000000
0.986066 0.141743 0.087074 0.000000 -0.139268 0.989674 -0.033903 13.376400 -0.090981 0.021304 0.995625 0.000000 0.000000 0.000000 0.000000 1.000000
0.985364 0.138579 0.099265 -0.000000 -0.136608 0.990273 -0.026420 13.376400 -0.101961 0.012473 0.994710 0.000000 0.000000 0.000000 0.000000 1.000000
0.985362 0.136083 0.102684 -0.000000 -0.134567 0.990669 -0.021580 13.376400 -0.104662 0.007447 0.994480 0.000000 0.000000 0.000000 0.000000 1.000000
0.985573 0.134272 0.103042 0.000000 -0.133175 0.990938 -0.017486 13.376400 -0.104456 0.003511 0.994523 0.000000 0.000000 0.000000 0.000000 1.000000
0.986248 0.134439 0.096128 0.000000 -0.133594 0.990919 -0.015210 13.376400 -0.097300 0.002159 0.995253 0.000000 0.000000 0.000000 0.000000 1.000000
0.986855 0.138617 0.083083 0.000000 -0.137925 0.990343 -0.014045 13.376400 -0.084227 0.002401 0.996444 0.000000 0.000000 0.000000 0.000000 1.000000
0.987442 0.141777 0.069693 0.000000 -0.141165 0.989892 -0.013646 13.376400 -0.070924 0.003637 0.997475 0.000000 0.000000 0.000000 0.000000 1.000000
0.988248 0.139927 0.061536 0.000000 -0.139341 0.990149 -0.013730 13.376400 -0.062851 0.004994 0.998010 0.000000 0.000000 0.000000 0.000000 1.000000
0.988579 0.132345 0.072093 0.000000 -0.131353 0.991166 -0.018352 13.376400 -0.073885 0.008673 0.997229 0.000000 0.000000 0.000000 0.000000 1.000000
0.987649 0.126079 0.093022 0.000000 -0.124128 0.991913 -0.026493 13.376400 -0.095610 0.014620 0.995312 -0.000000 0.000000 0.000000 0.000000 1.000000
0.987145 0.116832 0.109061 -0.000000 -0.113458 0.992866 -0.036670 13.376400 -0.112567 0.023825 0.993358 0.000000 0.000000 0.000000 0.000000 1.000000
0.989120 0.099256 0.108577 0.000000 -0.094859 0.994475 -0.044948 13.376400 -0.112439 0.034159 0.993071 0.000000 0.000000 0.000000 0.000000 1.000000
0.992485 0.077365 0.094803 0.000000 -0.073261 0.996250 -0.046032 13.376400 -0.098009 0.038741 0.994431 0.000000 0.000000 0.000000 0.000000 1.000000
0.995400 0.059066 0.075430 0.000000 -0.056361 0.997706 -0.037502 13.376400 -0.077472 0.033078 0.996446 0.000000 0.000000 0.000000 0.000000 1.000000
0.997290 0.049040 0.054850 0.000000 -0.047906 0.998614 -0.021803 13.376400 -0.055843 0.019116 0.998257 0.000000 0.000000 0.000000 0.000000 1.000000
0.998333 0.046658 0.033968 -0.000000 -0.046444 0.998896 -0.007061 13.376400 -0.034260 0.005472 0.999398 0.000000 0.000000 0.000000 0.000000 1.000000
0.998763 0.047519 0.014646 0.000000 -0.047548 0.998868 0.001676 13.376400 -0.014550 -0.002371 0.999891 -0.000000 0.000000 0.000000 0.000000 1.000000
0.998705 0.050878 -0.000233 -0.000000 -0.050875 0.998687 0.005932 13.376400 0.000534 -0.005913 0.999982 0.000000 0.000000 0.000000 0.000000 1.000000
0.998814 0.048070 -0.007796 -0.000000 -0.047998 0.998805 0.009182 13.376400 0.008228 -0.008797 0.999927 0.000000 0.000000 0.000000 0.000000 1.000000
0.999183 0.039290 -0.009428 0.000000 -0.039177 0.999161 0.011938 13.376400 0.009889 -0.011559 0.999884 -0.000000 0.000000 0.000000 0.000000 1.000000
0.999257 0.037185 -0.010109 -0.000000 -0.037056 0.999233 0.012648 13.376400 0.010572 -0.012264 0.999869 0.000000 0.000000 0.000000 0.000000 1.000000
0.999176 0.038913 -0.011533 0.000000 -0.038798 0.999197 0.009974 13.376400 0.011912 -0.009518 0.999884 0.000000 0.000000 0.000000 0.000000 1.000000
0.999126 0.039475 -0.013748 0.000000 -0.039442 0.999218 0.002680 13.376400 0.013843 -0.002136 0.999902 -0.000000 0.000000 0.000000 0.000000 1.000000
0.998707 0.046397 -0.020784 -0.000000 -0.046651 0.998840 -0.011931 13.376400 0.020206 0.012885 0.999713 0.000000 0.000000 0.000000 0.000000 1.000000
0.998091 0.054450 -0.029158 0.000000 -0.055264 0.998083 -0.027868 13.376400 0.027584 0.029426 0.999186 0.000000 0.000000 0.000000 0.000000 1.000000
0.997242 0.062964 -0.039299 0.000000 -0.064628 0.997000 -0.042602 13.376400 0.036499 0.045024 0.998319 -0.000000 0.000000 0.000000 0.000000 1.000000
0.997427 0.054839 -0.046179 0.000000 -0.057070 0.997193 -0.048465 13.376400 0.043391 0.050976 0.997757 0.000000 0.000000 0.000000 0.000000 1.000000
0.998214 0.033828 -0.049246 0.000000 -0.036272 0.998110 -0.049605 13.376400 0.047475 0.051303 0.997554 0.000000 0.000000 0.000000 0.000000 1.000000
0.998915 -0.001958 -0.046526 0.000000 -0.000227 0.998899 -0.046907 13.376400 0.046566 0.046867 0.997815 -0.000000 0.000000 0.000000 0.000000 1.000000
0.998392 -0.036135 -0.043676 0.000000 0.034150 0.998386 -0.045368 13.376400 0.045245 0.043803 0.998015 -0.000000 0.000000 0.000000 0.000000 1.000000
0.997040 -0.063750 -0.042986 -0.000000 0.061819 0.997079 -0.044859 13.376400 0.045721 0.042069 0.998068 0.000000 0.000000 0.000000 0.000000 1.000000
0.995250 -0.087595 -0.042472 0.000000 0.085872 0.995469 -0.040830 13.376400 0.045856 0.036989 0.998263 -0.000000 0.000000 0.000000 0.000000 1.000000
0.992941 -0.111174 -0.041338 0.000000 0.109834 0.993389 -0.033380 13.376400 0.044776 0.028605 0.998587 0.000000 0.000000 0.000000 0.000000 1.000000
0.990527 -0.131536 -0.039433 -0.000000 0.130765 0.991179 -0.021545 13.376400 0.041919 0.016185 0.998990 -0.000000 0.000000 0.000000 0.000000 1.000000
0.987966 -0.151099 -0.033051 0.000000 0.150953 0.988517 -0.006895 13.376400 0.033713 0.001823 0.999430 0.000000 0.000000 0.000000 0.000000 1.000000
0.988518 -0.149157 -0.024172 0.000000 0.149335 0.988770 0.005723 13.376400 0.023047 -0.009267 0.999691 0.000000 0.000000 0.000000 0.000000 1.000000
0.990915 -0.133518 -0.016141 0.000000 0.133738 0.990926 0.013381 13.376400 0.014208 -0.015418 0.999780 0.000000 0.000000 0.000000 0.000000 1.000000
0.993323 -0.114787 -0.011532 0.000000 0.114921 0.993305 0.011724 13.376400 0.010109 -0.012971 0.999865 -0.000000 0.000000 0.000000 0.000000 1.000000
0.993822 -0.110225 -0.012963 0.000000 0.110315 0.993876 0.006432 13.376400 0.012175 -0.007823 0.999895 0.000000 0.000000 0.000000 0.000000 1.000000
0.993498 -0.111988 -0.020493 0.000000 0.112019 0.993706 0.000362 13.376400 0.020323 -0.002655 0.999790 0.000000 0.000000 0.000000 0.000000 1.000000
0.994686 -0.097917 -0.031826 0.000000 0.097772 0.995190 -0.006085 13.376400 0.032269 0.002941 0.999475 -0.000000 0.000000 0.000000 0.000000 1.000000
0.995745 -0.082017 -0.042015 0.000000 0.081536 0.996585 -0.013036 13.376400 0.042940 0.009554 0.999032 -0.000000 0.000000 0.000000 0.000000 1.000000
0.996363 -0.067194 -0.052398 -0.000000 0.066226 0.997604 -0.019998 13.376400 0.053616 0.016455 0.998426 0.000000 0.000000 0.000000 0.000000 1.000000
0.996382 -0.054714 -0.065033 0.000000 0.053051 0.998226 -0.027030 13.376400 0.066396 0.023482 0.997517 -0.000000 0.000000 0.000000 0.000000 1.000000
0.996518 -0.039230 -0.073578 0.000000 0.036996 0.998819 -0.031483 13.376400 0.074726 0.028651 0.996792 0.000000 0.000000 0.000000 0.000000 1.000000
0.997004 -0.018310 -0.075153 0.000000 0.016063 0.999409 -0.030392 13.376400 0.075665 0.029094 0.996709 -0.000000 0.000000 0.000000 0.000000 1.000000
0.997608 0.000724 -0.069119 0.000000 -0.002383 0.999711 -0.023926 13.376400 0.069082 0.024034 0.997321 0.000000 0.000000 0.000000 0.000000 1.000000
0.998543 0.005935 -0.053628 0.000000 -0.006784 0.999854 -0.015668 13.376400 0.053527 0.016009 0.998438 -0.000000 0.000000 0.000000 0.000000 1.000000
0.999575 -0.004027 -0.028875 0.000000 0.003830 0.999969 -0.006884 13.376400 0.028902 0.006771 0.999559 0.000000 0.000000 0.000000 0.000000 1.000000
0.999831 -0.018367 0.000707 0.000000 0.018364 0.999826 0.003218 13.376400 -0.000766 -0.003205 0.999995 0.000000 0.000000 0.000000 0.000000 1.000000
0.998941 -0.036188 0.028418 0.000000 0.035839 0.999277 0.012697 13.376400 -0.028857 -0.011665 0.999516 -0.000000 0.000000 0.000000 0.000000 1.000000
0.998040 -0.044493 0.043997 0.000000 0.043736 0.998881 0.018020 13.376400 -0.044750 -0.016060 0.998869 0.000000 0.000000 0.000000 0.000000 1.000000
0.998285 -0.037365 0.045077 0.000000 0.036585 0.999168 0.018008 13.376400 -0.045712 -0.016328 0.998821 -0.000000 0.000000 0.000000 0.000000 1.000000
0.998694 -0.031987 0.039840 0.000000 0.031384 0.999385 0.015664 13.376400 -0.040317 -0.014393 0.999083 0.000000 0.000000 0.000000 0.000000 1.000000
0.998859 -0.031265 0.036093 0.000000 0.030782 0.999430 0.013849 13.376400 -0.036505 -0.012722 0.999252 -0.000000 0.000000 0.000000 0.000000 1.000000
0.998993 -0.027888 0.035138 0.000000 0.027443 0.999538 0.013069 13.376400 -0.035486 -0.012091 0.999297 0.000000 0.000000 0.000000 0.000000 1.000000
0.998906 -0.028370 0.037172 0.000000 0.027985 0.999549 0.010848 13.376400 -0.037463 -0.009796 0.999250 -0.000000 0.000000 0.000000 0.000000 1.000000
0.998822 -0.026187 0.040858 0.000000 0.026108 0.999656 0.002487 13.376400 -0.040909 -0.001417 0.999162 0.000000 0.000000 0.000000 0.000000 1.000000
0.999019 -0.009449 0.043273 0.000000 0.010012 0.999868 -0.012822 13.376400 -0.043146 0.013243 0.998981 0.000000 0.000000 0.000000 0.000000 1.000000
0.998860 0.017741 0.044309 0.000000 -0.016417 0.999413 -0.030064 13.376400 -0.044817 0.029302 0.998565 0.000000 0.000000 0.000000 0.000000 1.000000
0.997960 0.045292 0.044999 0.000000 -0.043352 0.998126 -0.043191 13.376400 -0.046871 0.041152 0.998053 0.000000 0.000000 0.000000 0.000000 1.000000
0.996537 0.068132 0.047667 0.000000 -0.065732 0.996572 -0.050229 13.376400 -0.050926 0.046921 0.997600 0.000000 0.000000 0.000000 0.000000 1.000000
0.994307 0.091879 0.053958 0.000000 -0.089002 0.994594 -0.053496 13.376400 -0.058582 0.048389 0.997109 0.000000 0.000000 0.000000 0.000000 1.000000
0.991472 0.114908 0.061482 0.000000 -0.111709 0.992317 -0.053174 13.376400 -0.067119 0.045853 0.996691 0.000000 0.000000 0.000000 0.000000 1.000000
0.988822 0.133159 0.067083 0.000000 -0.130056 0.990310 -0.048696 13.376400 -0.072918 0.039428 0.996558 -0.000000 0.000000 0.000000 0.000000 1.000000
